1000011101110111111100000011110110110110001000
10000010010011000111100101001010010011101100
000111000101110000000110011111101
100000111101101100000011110011101000
0101110111010010100000110000000010
00101100101111101010010001000101111001011
100001001011010101000111100111001010110001101011111100010
0010000101101101111100011111001100100001111101010100111001
010110110111001100101001111110001010
01111001110010110010101111011001011111010
110011001000110011010001110001010111001100111
1000110100110100101001010010011110111001
100100010011100100111101010000010001100111001011010
01100010010000111100000011110010111110011011010100111110
01101010111110011010011100001011100001010101
101101110010011001011010111010001111010111101
010001101010001010101011110011111101011010011
001100101010101010010001010111011001001000010100001
001111000011001100101101001001001010111000
0001010101110110101111110000010
10001111001010100011100111010001011000100
1100100111100010010001101100011101100111
010101111100101000011100000110111000111011101
00011101011000000000010111101011010011110110100100001011
0101011001111010111101101101110100011011
000010110111010011101011100110010110101110
01001111010100011000011000101101111
00110000000000011011011100111011110
11111110101000001110101011000011100100110000000011010
1101100011000001001000000110011
00110110100100100000000001001001
01010000001011010000000011111011111001001110110100100001
1000101111100101000001001011100010
0001110010010010110101010110011001010010011100
1100111010110100110001001110110010101010001
10001111011100000001011110111010001
101111011011000010110001100101
11100001111111100111000110100001111111100010110
0110110011110101011100110111010
01100101010000001110111100001001011000011
101100000111011010110111111101
01111101010101100110101100011111
00000100010100000010100110001110010000001
001001011100010111001011101101001101000110101
1111100101110100011001111010010101111101011011111011000110
1111100001111001100011001010111101011011
0101110101011101001110100000111001100110001111111
01011011001101011011111010001101
0000110101001111000011111100111111100101001110001
000101001100011100001000110111010000100110110
0010000001101101000101100110011110110
1010001000001010101000111010110010010000
0011010010011101000110010110100001
01100101011111100101101011011000
101010001100001110111100100100000
011100001100010100010010110011
0011011000101010111011100000010001100011101000
111110011111111110011000101110001100
011110000110101011111101110011010111
110100010001010101010001111001
000111101000011110100101001100100011111011
11100011001011100110110101000011101100010
11101111000011101100011101110111101000101
001100001010101010101001101000001111010
111010000000011110001000001011111010
0110110000000010010010001111000011000110
10110111000001010110101000011000111
10010110011011101011011101111000101110
10101011110100010111011001101000010101011101100101
011110011010010110001110010110
01010010001000001000111110000010111110110111101
0110001101101000110001000110101010010100111011101111011
0110100100001100011010001111000111111101101010101000000
010001110000101011101000001011111111010
111110101010011000011100111100001110001110011101100000
1000001010100010110001000100111010010100010011
000101101010101111000100100011001111000011001100100
111111100101010100111110010111010101011000111001010
000011010000001010110000001110110101000000
0011100100101000101100111101100011101
1011001000011000011001001100011110
011010111110101100011111100101
001011100110010000010101100001101010101010000000101111001000
00001100001001011001111011000010000010010111100000001100000
00010111110001111100100010011101100111010011100110100101
0101100101101001111100001010001010000000010111100010011
101100100100001011100001011000
10001101111010111010110000100000000110
10011001100111011010010010110111
1011001000010110011111110010101100000110010001110001
10010010101001000101100011011111110111001100010
00010010111100011010011101100110101
000011110111100111110011011111111111100111
1100011100110001111010001000001111101111100
00010101001101001111011100011001101101001111010
01110000011111100010110001111111100101000101110111101
01010111101111010010001010100010011010000110101100100001001
00000111011000010001011110010010011010111011101101001010000
01001110101010000110001100000000101000010101001
111110110111111010110111110110101010001
