113222000331311331131
122133031210032032030301232
20032212111232301101000000
23022021202010233023
0030030031321101320300002
032312302032023301
1233223320120003123
0302321332301333
2202022022201300023232122131
223121100122323323302101323
1013200111113032221
101021113010020220302111
1333101121332032232030300321
321211322103031
2332131121113222031200021012
2321202110031120310322
2220232221033020120032
310002200120312133
3211333332122322
00311111302230121210100022
11001002210300133
0133230330122232
03231030031323002321311023202
3201111012321211
300102200121330131303
113021103103201002133023120023
00303013323200000213112
300320320223202
2203203221232031031230103331
2320312300112002312221
3222113132331010021201230
132211033202301232
13230032222201022131012202321
02121131313233332
013021323201003121312
310210232201323202003
0322010203301003322301133113
10103000020311021010
1032320011123113113322132
020001030310031110323032010103
110122212132123
302132022223213330112320012231
2133110302130330231310110332
03122030020233322
010320130023232311001021310203
0010311211103033103113322020
111221132313012
011002101322232303130222231
10311022332030213100023101321
121032010312003212312031
03020132231103130030
211120121220300002330033133123
00222230322013013302302
21133000022201333
3000233222300111
0100122320223010012
0022322033130101021
2302322030000220010301213
23131332120323323
020030332201030121113203223
12110123213033102111
22212131002323331
132121220301223032123231110002
2113332231203033011203
102203001110002230033133
0031312330320331102120121022
130121033330210212
100301212031121212202132312120
301212020022103312120212220
010311223210332031013133001232
33130213230223032133
020032220013103012212031
201132223211131
0021322203003201
23101333000311010112333333210
322123023123001011123112012222
2003233020321331003330020102
23223103011103232332222
302000020203302010113
022001223122222202102010020100
023020313031220
2223020132102113303202333211
123302032120223032331130033
00313203002210303202032111
1000010102233221020012002320
312022032231020
012322002032232200223
11002032330122032231020301323
0101121010012232110131330
03102112220031032211033102
31222132303131230
33221320230013231010200123
02332210312332303
2332030001233222201300020
030022310310311200023220220
10210212003030031
12210103121102230211
22321030101323033301021
0032202021201103222012
0101222123001021303
