21310302102233
03003
10112120032133
2003032020
20010221
02103020312
1312232
0220301
2202112
10011
33201003
01300
11101312110
112001202201
03213
2122213
201322122
12133323200
132311012213
3132323
32021
0102330211323
3233321200
3202302
100012121323302
00320323
31130
00211020222
123323
1313222
32012033202
200312201122031
1021222032
1223023331
322102
20123
011003
1120103031123
301321100302002
1003010013122
11021202
0122231
0123133113
31312
33231003321232
0012013102011
30132003032
002323331300
021132103020010
330323
131221232103020
20321021021301
10232311121
301322203
20301202
121011
2200330132
1220023132121
0331010
202103022200202
11033
200110313111
10332132300111
01321
02030
010230122
2022033110
0233223122
320221100302101
22002302
2130003202
231222032130
012310032332
2000123301100
2002010321
1330132
33322
20330210230333
0323220
120012231220
01330023
00223
10122
23002130120
13212
1223010
11333120201103
110002
23002112230223
131112201312
102332313102000
3333110330
2131333
222313333
313312022
1203330220102
032331
2221301121201
312232300
0303212
