0010011111101010
11100000001011010110
01100001011101011011110001110
1000000100011101011101101110
111101001101110010001000100
1000010000011100001001001
001001101111111100
0111011111100100011000001
11001010111101011011110011
1101011011111010100011110010
01110001100100001011000
111010011111011111011000011110
110100101011000
110111111010011101011
10101001011000111100
010101110001100100111001
100110100000110111
100100110101000010
000001011100100000110010
001100100010001101011110010100
0010011101001011001110111
00000111110000000
0101100101011010
11000110010000110010001000
101010000111101001
0011011111010000110110001101
1011100111011111001100001100
1100101100111010
0011100001101000001011000010
111011111110001001101110010000
0100011101101110
111000000000010100
1010100010001111001001101
100100100000100101100
01100001110110100111
010110010110110100010000111
00101110100011001001000001
0001000011111111111101
100100010011011001000111000001
1111001100100011
011000111111101000001001
00101000110001100011
11101101010000110101
001100011100101
000101000110100001101
101000010100001010
001001110110111101111011
011111110111001011110011
00000101010101110000
001110101000000
01011110110110110101111010
000111100100010
011110111001100110
000001011111100000111110
000111110111001100100100
11011110001110101100000010
0101010101001011110011011
11111001110101111
11110011110101011011110
01110001110011111001100
00001001111111110110101001101
001000100011000110
00111110010000100010001101111
110101000110110000010011110001
01011111101110100100111001111
1111010000011001000000100
11100001100101110110011
11011110001001011000101010011
101010101100001010000001011000
111101010010001
1001001000110010101
10000000000100101001
00101111101111111111101110
000100000011100011101010110
101101011011011111101000010
00010101000111110011
0101101011111000
1011100001010010
011000111011000001100001011
11111011000101100
0010010100011110100010111100
0000101000010100001001100
10100100011111110100110
10010010000000101010101011010
10111000001011001100
10011100010001101100
011010110000000
000100101010011100111101110
100100010111101
0010100010111110111011111
0001000111011110010
110111000100010010001010
1000011000111000
00101101111110000
001000011011000001110001101
001001101110111111110000111011
11111001110101100010100111110
111110111111011111011
10001110111000010101
1000010111010001
