0101011
00110011
00100
011010
100011
1011111001101
011010000111
101011011
01110
110001101
01111000111
00011100
110011110
11010010
00010000
0010110001110
0011101
11100100100101
011000
0010100101011
11000010
01011011110110
01100011
10001011100
01011
001000
0011011011
0011010110000
011010001
01100010000100
10010110011011
111011010110
1000001000
01011110
01011110
1001011100110
0001010
11110101001010
1101011110010
11100001011
100111010001101
11100001000
001101010010011
11100001
0001001
100000001
000101
01010010
0111101011
1110110
111000110011
000000011011110
110010011111100
01111100
11000111110101
1110100011101
0010110
1110000
0001001000
101011110
100010011011011
00010111000111
0101111001010
0010100001
000010
01110100
0101110
01001011
111101011
010111101
01011101001
10010111110
011010
111110100101101
0011011
1011100111001
1111001100
010110011
110011010101011
10110100
100100010
010011
000101
10000100111111
011111
00100111
0111101
000101000
111001
011100011
1000011110011
00110111
0010001111001
11011101
100111001
111111
011000101
101011101011000
1100011111
01100
