30201102031223123130312101231300320101300022300213201011200
303230331331320320130031002203133122111201
0333100000311333021322103321330320230330321010
1311132121331230033332231002212303012320023102212101
31031212012313102110020301112201310132303230111322
30021132313010123313233210302101203312110011023010330221211
3121120301002112002112110323030312020011211033
331003113032132001121102310303232303210120033233301121
133132331230000120113012310031010320213
32332301022323211220321013030323
123130113032203020001021011301013322033302123
31132230331121223111011301223132201020
2323131322102212320111003010220012332020
301213133210210220000123011131032113123000121103100112023132
31102010320332002013020232101330101
120000033031000031223321321022
313010013000111102021302220212203101102012123233031132
10001222232313110322301201020221221
03223010321320110331033011103303222
2312231033132002032103132131312200023122031
0200121223100010102202033310222203221003310321331111320
113301200022021301323210032312220110330303
013010333110102110330100001300101003032013023230233300300
300002011103113102333122022022
22123330000312222111020232131333201130130
3131312032331212121013130031003312010
13102223032203112212312203110102012201100320301
233101011121223232033103120021
001212223301120312311011131122323000222212320311202
13023101033330312130322320000331200110213
022330030313233333231031201020222021120122001331310023
0320123003210022202312221021212210222122103
11331223011110231012031213020331130213110321300
01300021323313022113020012102112202200032333232003301303
13320100330330123112313213300221210230323322331202133
103113331101031321203230002132112123012133232020100020
30303120032330213132330000013022012030033323300213013
13010322120023032020311332233130132130
020013101121032321110301033123131132002110313101222312012320
0331322303112200322101231310112112300130001332320130313
001123331231322333221101332201202
103030222100133311112000202000020323311121131
32200000121321323312213321001110030030002130323210
3132013020120020321002301230300310111013121123221321
113313313223300013100223000321103030321203
0320121123320023200230233002130132100213101103133112
31101311320230211121202211122002122313011030011133213030113
1322101331001301012301101003133231101
300301203311212310023112003110300300120011102030
32313110021011011020021131331330121132130232333131
33202002131110323133212002311021311111321
32120003320220012110201012110220032
32330312013220210012223311310123012013310233310
11103030122130131302333312200201311320332112121311100
02322312100232331102320112222332131
2223222201112102303021310231101023311131202112313
11302032102201102211301212003321111310131011131
1301313033033200313121031102021211302201100020
1202012320300112221203211221022202003331331302230310
010231323121130021312320110020322311103012221233
212133203320212223323331112001032201
3112010132321111022102222101122033230303
32303002222100311023332212302222012013231001102200133321111
3320000132102113131202132303023011022031202023033113032223
311322300302100123122331320113200332223213023
3201020303200332332210002133333
13312302222211100321322131020011302103321113223212000
103220231100303220033213121121301220203013003332
313132213300202122321331300232220133320210200012200000
30123001010302320000011331331301323223320010202202
133031322333212131011021323132001300
33322213122223031123132332032132
20211123302201323232122321230033010222
12333021310222010130133001023231130
3313011231332333230200033000310201102221310100133
13122023010030110332033100113020302100011011032021
3020121211110101102222033313122030002123230200021203002333
111101203332222033010213321210121
0232221103030320023112320122330310102313212200302223011023
223103301210032332200023030023302212
0222333212200200000300103121302321210101321302
0233231232001031203000013232211230113202103212332232
33112333012030010220111301130310331121132331
33321032133202303332001110013103001
000133001301233230010020123220020
0000013021323223333131023223123
2312102311100003331201033220021312122023130130123200303
223300213301321111211330100000332222203133
310031202232333003331113312102033032122302
310313200313322030023022100002130
311122131023013033011111110210001213023121122021323
30202233233310313231300102201100221000323221
12131321332112232311011000322003322010203010203030131
31323130022223203100120133102331020033031213130000023
3200233200000030302103003103330211200220221
20221031331201131212302320303021103202332012122203133
210213230330132020033221020120101123012002021320333211310032
021110123121202132022333203231230001013331012321123312302
22011012113012113301020311101030231332103
0031231201001222232130000321322322101231332010
